timestamp: '2025-11-17T10:29:13.088441'
optimization_info:
  version: V9-Adaptive
  n_trials: 400
  best_trial: 287
  best_score: 0.47055961601093754
  combined_score: 0.4842935215903367
  penalty: 0.013733905579399117
  total_trades: 54
  signal_rate: 0.019313304721030045
  parameter_count: 12
  methodology: Adaptive Thresholds + Ensemble + Regime Confidence
  base_weights: V8.1 Constrained BHMS-RCP
regime_performance:
  TRENDING:
    score: -1.4492464952007367
    trades: 25
    sharpe: -2.7784884998782386
  RANGING:
    score: 2.028752280037538
    trades: 21
    sharpe: 2.34615890749548
  VOLATILE:
    score: 4.740454813516355
    trades: 8
    sharpe: 4.216955697205424
v9_parameters:
  adaptive_thresholds:
    lookback_window: 15
    volatility_multiplier: 1.0642272621326687
    signal_density_target: 0.07313555025545831
    threshold_smoothing_alpha: 0.20793934766181377
    base_threshold: 0.4251712511333865
    adaptation_speed: 0.7094506129369079
  ensemble_weights:
    v8_hierarchical: 0.35508952488636947
    momentum_breakout: 0.3787400418667125
    mean_reversion: 0.266170433246918
  regime_confidence:
    trending_min: 0.8246364766117181
    ranging_min: 0.5395920892385401
    volatile_min: 0.5461513441907359
v8_base_weights:
  TRENDING:
    rsi: 0.029058568036706478
    macd: 0.08096902544877634
    cci: 0.11705863883819732
    williams_r: 0.037243730929658006
    atr: 0.0341031567692341
    ao: 0.06072098297883438
    trend_position: 0.2354300469565013
    market_structure: 0.03596692372992443
    support_resistance: 0.027934326588475396
    range_analysis: 0.01787566716702412
    order_blocks: 0.038395463514283024
    adl: 0.028956913498621423
    cmf: 0.0486056484866811
    obv: 0.0896444224706691
    relative_volume: 0.033451291718229026
    volume_profile: 0.08458519286818439
  RANGING:
    rsi: 0.043634798057426816
    macd: 0.12158434888811707
    cci: 0.1757770740846501
    williams_r: 0.055925766058669175
    atr: 0.029984618343989845
    ao: 0.0533878875909452
    trend_position: 0.03301169258495444
    market_structure: 0.005043234900335989
    support_resistance: 0.06043239758377738
    range_analysis: 0.038671754691897736
    order_blocks: 0.08306374986916087
    adl: 0.027243540514860137
    cmf: 0.04572966500248685
    obv: 0.0843401854837596
    relative_volume: 0.03147198755293324
    volume_profile: 0.11069729879203553
  VOLATILE:
    rsi: 0.03881084868264039
    macd: 0.10814285792416799
    cci: 0.15634442527265194
    williams_r: 0.04974301567998945
    atr: 0.053282331548289846
    ao: 0.09486967933523001
    trend_position: 0.06062788857576373
    market_structure: 0.009262193473179504
    support_resistance: 0.03082989002597437
    range_analysis: 0.01972858916626394
    order_blocks: 0.042375387639737014
    adl: 0.03591194059807869
    cmf: 0.06028001434848661
    obv: 0.11117570161160317
    relative_volume: 0.0414858027314007
    volume_profile: 0.08712943338654258
