timestamp: '2025-11-16T17:42:40.066763'
optimization_info:
  version: V7-Quick
  regime: TRENDING
  n_trials: 200
  best_trial: 210
  best_score: -1.6658070716580706
  high_score: -1.8586464197554124
  medium_score: 0.4508180739023936
  confidence_threshold: 0.5087307972362334
weights:
  high:
    technical:
      rsi: 0.7338729737314224
      macd: 0.8563375996416738
      ao: 0.2766334177022554
      atr: 0.2544202933361046
      cci: 0.1643497260959017
    volume:
      adl: 0.8750857734520875
      cmf: 0.21836274593418484
      obv: 0.7718906063877649
    price_structure: {}
  medium:
    technical:
      rsi: 0.014369920048140639
      macd: 0.03119600185876327
      ao: 0.4141819188646365
      atr: 0.3849302536593804
      cci: 0.4011779212613281
    volume:
      adl: 0.6427806091441959
      cmf: 0.13909400178460588
      obv: 0.5928508811243659
    price_structure: {}
