timestamp: '2025-11-17T09:57:56.482214'
optimization_info:
  version: V8.2-VOLATILE-Specific
  n_trials: 300
  best_trial: 134
  best_score: 1.7894863515290262
  raw_score: 2.807920533989092
  total_trades: 12
  signal_rate: 0.012307692307692308
  total_penalty: 1.0184341824600656
  l2_penalty: 0.003049567075450132
  training_candles: 975
  constraints:
    min_trades: 15
    min_signal_rate: 0.05
    max_signal_rate: 0.12
    l2_lambda: 0.01
hierarchical_parameters:
  global_strengths:
    rsi: 0.2947807086392485
    macd: 0.9425525717567089
    cci: 0.8398798749217645
    williams_r: 0.3527711485573285
    atr: 0.22079688959889207
    ao: 0.2280148294369566
    trend_position: 0.2917679148178258
    market_structure: 0.6698574934380173
    support_resistance: 0.3954075822580893
    range_analysis: 0.5230042038972134
    order_blocks: 0.8230776563485812
    adl: 0.2509194712759674
    cmf: 0.1253637472556028
    obv: 0.21641002340908683
    relative_volume: 0.17966163203894173
    volume_profile: 0.4793977368138102
  regime_modulations:
    VOLATILE:
      momentum: 1.781978819043993
      volatility: 1.327062565245405
      volume: 0.5047677906289791
      support_resistance: 1.1545835583097692
      trend: 0.6013052144413944
      volume_structure: 1.0612449339260592
generated_weights:
  VOLATILE:
    rsi: 0.0624358320113907
    macd: 0.19963672081447298
    cci: 0.1778901985222421
    williams_r: 0.07471845858388756
    atr: 0.034827047388362085
    ao: 0.03596555768732185
    trend_position: 0.020852820693960303
    market_structure: 0.04787510035121672
    support_resistance: 0.054262858606568265
    range_analysis: 0.07177329024558605
    order_blocks: 0.11295318676897965
    adl: 0.015054221637358913
    cmf: 0.007521351877870177
    obv: 0.012983784958495
    relative_volume: 0.010779020116255521
    volume_profile: 0.06047054973603215
