timestamp: '2025-11-17T11:10:35.885320'
optimization_info:
  version: V10-Percentile
  n_trials: 300
  best_trial: 0
  best_score: -30.7
  combined_score: -0.30000000000000004
  penalty: 30.4
  total_trades: 0
  signal_rate: 0.0
  parameter_count: 5
  methodology: Percentile-Based Signals + MTF Confirmation
  base_weights: V8.1 Constrained BHMS-RCP (fixed)
  ensemble_weights: V9 Adaptive (fixed, transfer learning)
regime_performance:
  TRENDING:
    score: -0.30000000000000004
    trades: 0
    sharpe: 0.0
  RANGING:
    score: -0.30000000000000004
    trades: 0
    sharpe: 0.0
  VOLATILE:
    score: -0.30000000000000004
    trades: 0
    sharpe: 0.0
v10_parameters:
  percentile_thresholds:
    trending: 0.8561810178271044
    ranging: 0.837678576602479
    volatile: 0.7829984854528512
  mtf_confirmation:
    trend_weight: 0.5993292420985183
    structure_weight: 0.27800932022121827
v9_fixed_ensemble:
  v8_hierarchical: 0.355
  momentum_breakout: 0.379
  mean_reversion: 0.266
v8_base_weights:
  TRENDING:
    rsi: 0.029058568036706478
    macd: 0.08096902544877634
    cci: 0.11705863883819732
    williams_r: 0.037243730929658006
    atr: 0.0341031567692341
    ao: 0.06072098297883438
    trend_position: 0.2354300469565013
    market_structure: 0.03596692372992443
    support_resistance: 0.027934326588475396
    range_analysis: 0.01787566716702412
    order_blocks: 0.038395463514283024
    adl: 0.028956913498621423
    cmf: 0.0486056484866811
    obv: 0.0896444224706691
    relative_volume: 0.033451291718229026
    volume_profile: 0.08458519286818439
  RANGING:
    rsi: 0.043634798057426816
    macd: 0.12158434888811707
    cci: 0.1757770740846501
    williams_r: 0.055925766058669175
    atr: 0.029984618343989845
    ao: 0.0533878875909452
    trend_position: 0.03301169258495444
    market_structure: 0.005043234900335989
    support_resistance: 0.06043239758377738
    range_analysis: 0.038671754691897736
    order_blocks: 0.08306374986916087
    adl: 0.027243540514860137
    cmf: 0.04572966500248685
    obv: 0.0843401854837596
    relative_volume: 0.03147198755293324
    volume_profile: 0.11069729879203553
  VOLATILE:
    rsi: 0.03881084868264039
    macd: 0.10814285792416799
    cci: 0.15634442527265194
    williams_r: 0.04974301567998945
    atr: 0.053282331548289846
    ao: 0.09486967933523001
    trend_position: 0.06062788857576373
    market_structure: 0.009262193473179504
    support_resistance: 0.03082989002597437
    range_analysis: 0.01972858916626394
    order_blocks: 0.042375387639737014
    adl: 0.03591194059807869
    cmf: 0.06028001434848661
    obv: 0.11117570161160317
    relative_volume: 0.0414858027314007
    volume_profile: 0.08712943338654258
