confluence:
  weights:
    components:
      orderbook: 0.05
      orderflow: 0.05
      price_structure: 0.3
      sentiment: 0.05
      technical: 0.35
      volume: 0.2
    sub_components:
      price_structure:
        market_structure: 0.08549827418546632
        order_blocks: 0.05988625274369198
        range_analysis: 0.12683467760395062
        support_resistance: 0.2660564960501931
        trend_position: 0.40030582997566366
        volume_profile: 0.061418469441034296
      technical:
        ao: 0.31383386387343765
        atr: 0.18396815415722956
        cci: 0.15987638056558845
        macd: 0.12502276208585056
        rsi: 0.08410030794415735
        williams_r: 0.13319853137373655
      volume:
        adl: 0.2991711053607309
        cmf: 0.294390296322485
        obv: 0.18023038962737045
        relative_volume: 0.22620820868941352
