confluence:
  weights:
    components:
      orderbook: 0.05
      orderflow: 0.05
      price_structure: 0.3
      sentiment: 0.05
      technical: 0.35
      volume: 0.2
    sub_components:
      price_structure:
        market_structure: 0.04818475109185227
        order_blocks: 0.0984454205619763
        range_analysis: 0.14073737849472182
        support_resistance: 0.22589497160810065
        trend_position: 0.3036993553066783
        volume_profile: 0.1830381229366706
      technical:
        ao: 0.23653926660746394
        atr: 0.1781034218069033
        cci: 0.05632798144081064
        macd: 0.1664132702008483
        rsi: 0.195847598519857
        williams_r: 0.16676846142411683
      volume:
        adl: 0.18159808927253446
        cmf: 0.22867315260450516
        obv: 0.34373610877702726
        relative_volume: 0.24599264934593307
