metadata:
  optimization_date: '2025-11-19T14:21:21.818873'
  stage: multi_symbol
  version: 1.0.0
  aggregation: median
  n_symbols: 25
  data_start: '2024-08-01T00:00:00'
  data_end: '2025-10-31T00:00:00'
  n_folds: 3
  n_trials: 200
  recovered_from_database: true
performance:
  best_sharpe: 0.3602623827502259
  baseline_sharpe: -1.228
  improvement_pct: 129.33732758552327
weights:
  optimized:
    support_resistance: 6.576498153114348
    order_blocks: 10.477758156132321
    trend_position: 14.548258765438622
    volume_profile: 8.38904076489814
    market_structure: 8.4409001465953
    range_analysis: 51.56754401382126
  baseline:
    support_resistance: 16.67
    order_blocks: 16.67
    trend_position: 16.67
    volume_profile: 16.67
    market_structure: 16.67
    range_analysis: 16.67
  timeframe_weights:
    4h: 40.0
    30m: 30.0
    5m: 20.0
    1m: 10.0
best_trial:
  number: 121
  params:
    support_resistance: 0.05073036430786326
    order_blocks: 0.08082424354343709
    trend_position: 0.11222362570971951
    volume_profile: 0.06471211339050746
    market_structure: 0.06511215080632146
    range_analysis: 0.3977862128713716
  value: 0.3602623827502259
study_stats:
  n_complete_trials: 140
  n_pruned_trials: 60
  n_failed_trials: 0
