metadata:
  optimization_date: '2025-11-19T15:41:44.966025'
  stage: multi_symbol
  version: 1.0.0
  aggregation: mean
  n_symbols: 25
  data_start: '2024-08-01T00:00:00'
  data_end: '2025-10-31T00:00:00'
  n_folds: 3
  n_trials: 200
  recovered_from_database: true
performance:
  best_sharpe: 0.3388783347774196
  baseline_sharpe: -1.228
  improvement_pct: 127.59595560076707
weights:
  optimized:
    support_resistance: 9.081729337299151
    order_blocks: 8.879032568923597
    trend_position: 8.22926987259613
    volume_profile: 8.888062256282344
    market_structure: 10.244425189193077
    range_analysis: 54.67748077570569
  baseline:
    support_resistance: 16.67
    order_blocks: 16.67
    trend_position: 16.67
    volume_profile: 16.67
    market_structure: 16.67
    range_analysis: 16.67
  timeframe_weights:
    4h: 40.0
    30m: 30.0
    5m: 20.0
    1m: 10.0
best_trial:
  number: 193
  params:
    support_resistance: 0.06227776139081403
    order_blocks: 0.06088777271060347
    trend_position: 0.056432039153742355
    volume_profile: 0.060949693595258356
    market_structure: 0.07025092290499249
    range_analysis: 0.37494963511133467
  value: 0.3388783347774196
study_stats:
  n_complete_trials: 146
  n_pruned_trials: 54
  n_failed_trials: 0
