best_trial:
  number: 45
  params:
    weight_market_structure: 0.0600674443553029
    weight_order_blocks: 0.06432523586352146
    weight_range_analysis: 0.3578026783728988
    weight_support_resistance: 0.2359072826447835
    weight_trend_position: 0.20353380817436809
    weight_volume_profile: 0.1289570482136692
  value: -0.3377866868431163
metadata:
  data_end: '2025-10-31T00:00:00'
  data_start: '2024-08-01T00:00:00'
  n_folds: 3
  n_trials: 50
  optimization_date: '2025-11-19T11:34:45.488023'
  stage: 1
  version: 1.0.0
performance:
  baseline_sharpe: -3.3939624433336117
  best_sharpe: -0.3377866868431163
  improvement_pct: 90.04742413969272
study_stats:
  n_complete_trials: 43
  n_failed_trials: 0
  n_pruned_trials: 7
weights:
  baseline:
    market_structure: 16.67
    order_blocks: 16.67
    range_analysis: 16.67
    support_resistance: 16.67
    trend_position: 16.67
    volume_profile: 16.67
  optimized:
    market_structure: 5.717477263196381
    order_blocks: 6.12275214047724
    range_analysis: 34.057195212221714
    support_resistance: 22.454668068875762
    trend_position: 19.373221767940738
    volume_profile: 12.274685547288174
  timeframe_weights:
    1m: 10.0
    30m: 30.0
    4h: 40.0
    5m: 20.0
