best_trial: 47
best_value: 0.6265604095674455
config:
  dominance_penalty: 5.0
  entropy_penalty: 10.0
  n_folds: 5
  n_trials: 300
  stability_penalty: 2.0
  variance_penalty: 3.0
n_trials: 50
optimization_date: '2025-11-21T10:26:46.867866'
regularization:
  dominance: 0.01557757710098151
  entropy: 0.9997010755268626
  variance: 0.0
  weight_stability: 0.0
study_name: technical_indicators_optimization
weights:
  normalized:
    ao: 15.947555151381131
    atr: 16.745731178595005
    cci: 17.179744355525436
    macd: 16.159341519443917
    rsi: 16.462314933575225
    williams_r: 17.505312861479283
  raw:
    ao: 0.2048596196065122
    atr: 0.21511285502485217
    cci: 0.22068811552630163
    macd: 0.20758019178120252
    rsi: 0.21147213746069127
    williams_r: 0.22487031396690643
