optimization_date: '2025-11-21T12:27:49.740502'
study_name: technical_indicators_full
approach: backtest_based_optimization
symbol: BTCUSDT
period: 2024-08-01 to 2025-10-31
n_trials: 100
best_trial: 98
best_value: 0.20216791549118404
weights:
  percentages:
    rsi: 14.224683874087528
    macd: 12.047661215691729
    williams_r: 18.872305520110604
    ao: 24.594321289607926
    cci: 22.83260046874482
    atr: 7.42842763175739
  normalized:
    rsi: 0.1422468387408753
    macd: 0.1204766121569173
    williams_r: 0.18872305520110605
    ao: 0.24594321289607926
    cci: 0.22832600468744818
    atr: 0.0742842763175739
performance:
  sharpe_ratio: -0.012654985597952634
  max_drawdown: 60.96277240641129
  win_rate: 0.28239845261121854
  num_trades: 1034
  total_return: -52.43006882237397
config:
  sharpe_weight: 0.4
  drawdown_weight: 0.35
  winrate_weight: 0.25
