optimization_date: '2025-11-21T12:17:08.572884'
study_name: technical_indicators_backtest
approach: backtest_based_optimization
symbol: BTCUSDT
period: 2025-08-01 to 2025-10-31
n_trials: 25
best_trial: 23
best_value: 1.0446741246044857
weights:
  percentages:
    rsi: 25.413786455382553
    macd: 14.460779602327364
    williams_r: 12.015417001206599
    ao: 9.601534586378166
    cci: 21.555612376778154
    atr: 16.95286997792716
  normalized:
    rsi: 0.25413786455382553
    macd: 0.14460779602327364
    williams_r: 0.12015417001206598
    ao: 0.09601534586378167
    cci: 0.21555612376778152
    atr: 0.1695286997792716
performance:
  sharpe_ratio: 1.6432165604942575
  max_drawdown: 14.317857026633519
  win_rate: 0.35
  num_trades: 200
  total_return: 1.301969345466823
config:
  sharpe_weight: 0.4
  drawdown_weight: 0.35
  winrate_weight: 0.25
