# Alternative B (V3_reg): Best Weights from 300-Trial Optimization
# Best Trial: 242/300
# Best Score: -0.3450 (vs V3 test: -2.4976, V4 test: -1.1884)
# Modifications: Gap penalty cap 1.0 (was 0.3), L1 regularization 0.1
# Generated: 2025-11-16

technical:
  rsi: 0.09436146770327011
  macd: 0.2698017362396931
  ao: 0.2627057787659204
  williams_r: 0.10478980293373279
  atr: 0.0503324930565277
  cci: 0.1817613229655094

price_structure:
  support_resistance: 0.3499641968980122
  trend_position: 0.29913555616987947
  market_structure: 0.187540217202018
  range_analysis: 0.1605635469601765
  volume_profile: 0.21433784497376468
  order_blocks: 0.09294829434540691

volume:
  adl: 0.14569081404206263
  cmf: 0.11593269456804972
  obv: 0.17973549629624522
  relative_volume: 0.05862407985575542
