timestamp: '2025-11-13T13:31:06.687663'
optimization_info:
  mode: production
  n_trials: 100
  best_performance: 1.9892137315693812
  best_trial: 95
confluence:
  weights:
    components:
      orderbook: 0.07609751251995868
      orderflow: 0.2736389014514615
      price_structure: 0.2959297158984268
      technical: 0.12554746139491735
      volume: 0.06472318721404302
      sentiment: 0.16406322152119276
    sub_components:
      technical:
        rsi: 0.0844835446246049
        ao: 0.13806348268420415
        macd: 0.320884461482394
        williams_r: 0.02256388772840762
        atr: 0.3131214039850241
        cci: 0.12088321949536514
      orderbook:
        depth: 0.10110346039578463
        imbalance: 0.052578358018744505
        oir: 0.17694308160254776
        liquidity: 0.1745012353203147
        mpi: 0.1577640379180101
        manipulation: 0.0007575162612187062
        absorption_exhaustion: 0.012029939201331356
        di: 0.02117826250211527
        retail: 0.303144108779933
      volume:
        volume_delta: 0.20523785660752833
        adl: 0.02789386555912135
        cmf: 0.00019160460968925796
        relative_volume: 0.37763932010552986
        obv: 0.3184697879013712
        volume_profile: 0.015179850088565074
        vwap: 0.05538771512819481
      orderflow:
        cvd: 0.05778239995584937
        imbalance: 0.13532399405127188
        trade_flow: 0.30731885634147277
        open_interest: 0.08943485664165192
        pressure: 0.037177829428380715
        liquidity: 0.3477141334212377
        smart_money_flow: 0.025247930160135833
      price_structure:
        support_resistance: 0.12889409955972275
        order_blocks: 0.0858908910945354
        trend_position: 0.47449370840256777
        volume_profile: 0.05772534123728841
        market_structure: 0.11205831595963
        range_analysis: 0.1409376437462556
      sentiment:
        funding_rate: 0.3057351185025687
        liquidations: 0.11267467496090465
        long_short_ratio: 0.17813638005569857
        market_activity: 0.08807438480865547
        risk: 0.26107328789545053
        volatility: 0.05430615377672209
