timestamp: '2025-11-13T15:36:42.345124'
optimization_info:
  mode: production
  n_trials: 100
  best_performance: 13.007163528861378
  best_trial: 3
confluence:
  weights:
    components:
      orderbook: 0.3443511070011511
      orderflow: 0.06312390669067876
      price_structure: 0.09885691432094011
      technical: 0.14913801162141324
      volume: 0.11296600221932306
      sentiment: 0.23156405814649358
    sub_components:
      technical:
        rsi: 0.12307029412281079
        ao: 0.003854090287702023
        macd: 0.2864359641901496
        williams_r: 0.1361630097521001
        atr: 0.15224282140400774
        cci: 0.2982338202432297
      orderbook:
        depth: 0.22434456180566795
        imbalance: 0.04110027430437652
        oir: 0.14165019917631722
        liquidity: 0.15406059906934658
        mpi: 0.3598246165675617
        manipulation: 0.06963536951848212
        absorption_exhaustion: 0.005021083102893994
        di: 0.0043632955433615455
        retail: 9.119923574823782e-10
      volume:
        volume_delta: 0.1456390056084175
        adl: 0.2217627091478427
        cmf: 0.02702257008196094
        relative_volume: 0.08580126446365248
        obv: 0.2562456700721185
        volume_profile: 0.2433608944172053
        vwap: 0.020167886208802405
      orderflow:
        cvd: 0.0062964006466907614
        imbalance: 0.006764307112184257
        trade_flow: 0.1760031452889541
        open_interest: 0.16810242841711434
        pressure: 0.12681926275126748
        liquidity: 0.08986534949549263
        smart_money_flow: 0.42614910628829633
      price_structure:
        support_resistance: 0.32386258304344956
        order_blocks: 0.09762662723509263
        trend_position: 0.19186737156921652
        volume_profile: 0.07100179865947902
        market_structure: 0.30608980537486435
        range_analysis: 0.009551814117897812
      sentiment:
        funding_rate: 0.06453869091113744
        liquidations: 0.2718883946150066
        long_short_ratio: 0.3794758834040383
        market_activity: 0.20994497593892752
        risk: 0.019556123818801976
        volatility: 0.054595931312088154
