timestamp: '2025-11-14T13:18:32.644768'
optimization_info:
  method: hybrid_walk_forward_cross_validated_ensemble
  n_windows: 6
  n_trials_per_window: 200
  total_trials: 1200
  train_days: 90
  test_days: 30
  regularization_strength: 0.5
  ensemble_size: 10
  max_train_test_gap: 0.15
  symbols:
  - BTCUSDT
  - ETHUSDT
  - BNBUSDT
  - SOLUSDT
  - XRPUSDT
  - LTCUSDT
  - DOTUSDT
  - ADAUSDT
  - AVAXUSDT
  - LINKUSDT
  - ATOMUSDT
  - UNIUSDT
  - AAVEUSDT
  - ALGOUSDT
  - DOGEUSDT
  - IMXUSDT
  - OPUSDT
  - 1000PEPEUSDT
  - APEUSDT
  - ARBUSDT
  - MANAUSDT
  - SANDUSDT
  - SHIBUSDT
  window_results:
  - window: 1
    best_value: 2.779401728212857
    valid_trials: 200
  - window: 2
    best_value: 2.853678206657617
    valid_trials: 200
  - window: 3
    best_value: 7.764643625906778
    valid_trials: 200
  - window: 4
    best_value: 2.7968694130838747
    valid_trials: 197
  - window: 5
    best_value: 2.7740235297166937
    valid_trials: 200
  - window: 6
    best_value: 2.67098202507401
    valid_trials: 200
confluence:
  weights:
    components:
      orderbook: 0.27590093343182964
      orderflow: 0.22682025603050734
      price_structure: 0.17767207694060758
      technical: 0.1368440474908262
      volume: 0.12067803749721141
      sentiment: 0.06208464860901775
    sub_components:
      technical:
        rsi: 0.23027127256656663
        ao: 0.16163255085199296
        macd: 0.14234131800847563
        williams_r: 0.14836806033667452
        atr: 0.17650280431074816
        cci: 0.14088399392554213
      orderbook:
        depth: 0.14163566980849937
        imbalance: 0.220891545278176
        oir: 0.08931801442131791
        liquidity: 0.12198322074354821
        mpi: 0.10881191842848516
        manipulation: 0.13403289106016333
        absorption_exhaustion: 0.05848563717154105
        di: 0.10323100735811394
        retail: 0.021610095730155262
      volume:
        volume_delta: 0.08300666127481932
        adl: 0.19156363565650714
        cmf: 0.1940052231701032
        relative_volume: 0.13013326191983224
        obv: 0.1509939119701185
        volume_profile: 0.1325996344149833
        vwap: 0.11769767159363631
      orderflow:
        cvd: 0.2281780786308038
        imbalance: 0.1154075449459588
        trade_flow: 0.11481923191195083
        open_interest: 0.13084259672013643
        pressure: 0.10908652203700074
        liquidity: 0.09354079942488114
        smart_money_flow: 0.2081252263292683
      price_structure:
        support_resistance: 0.07911260134735337
        order_blocks: 0.2604470182858411
        trend_position: 0.1880100670684827
        volume_profile: 0.11626026347487611
        market_structure: 0.23890331610610113
        range_analysis: 0.11726673371734558
      sentiment:
        funding_rate: 0.2377281172468344
        liquidations: 0.1820320379466787
        long_short_ratio: 0.09421746478655757
        market_activity: 0.16261367352929687
        risk: 0.128944144814219
        volatility: 0.19446456167641332
