timestamp: '2025-11-16T16:45:10.830080'
optimization_info:
  version: V5-Lite
  regime: TRENDING
  n_trials: 100
  best_trial: 80
  best_score: 0.4244040760312253
  improvements:
  - Alternative B metric capping
  - V4 regime-specific approach
weights:
  technical:
    rsi: 0.14352439615801404
    macd: 0.2954685638549103
    ao: 0.07026198849913938
    williams_r: 0.13119880421438718
    atr: 0.19821111451195841
    cci: 0.054323536647971335
  price_structure:
    support_resistance: 0.17229681103952105
    trend_position: 0.1019119155108567
    market_structure: 0.13371086473214192
    range_analysis: 0.20554322043798318
    volume_profile: 0.10608015249460732
    order_blocks: 0.062465024593048875
  volume:
    adl: 0.33638352641480884
    cmf: 0.15716063073249698
    obv: 0.13493295293916488
    relative_volume: 0.05729947855146178
