confluence:
  weights:
    components:
      orderbook: 0.05
      orderflow: 0.05
      price_structure: 0.35
      sentiment: 0.05
      technical: 0.4
      volume: 0.1
    sub_components:
      price_structure:
        market_structure: 0.05179108656743432
        order_blocks: 0.1849641700408405
        range_analysis: 0.22669838543279003
        support_resistance: 0.2574582320313898
        trend_position: 0.12753473969416335
        volume_profile: 0.15155338623338194
      technical:
        ao: 0.1733266620188412
        atr: 0.1855518696577296
        cci: 0.062417992042559274
        macd: 0.34986216500305256
        rsi: 0.06773809475244102
        williams_r: 0.16110321652537637
