confluence:
  weights:
    components:
      orderbook: 0.05
      orderflow: 0.05
      price_structure: 0.35
      sentiment: 0.05
      technical: 0.4
      volume: 0.1
    sub_components:
      price_structure:
        market_structure: 0.07563633661256032
        order_blocks: 0.05339815894752198
        range_analysis: 0.08773893013639637
        support_resistance: 0.35394620638984675
        trend_position: 0.21385595541362123
        volume_profile: 0.21542441250005331
      technical:
        ao: 0.2410583891105261
        atr: 0.13087758619059564
        cci: 0.04991938777138812
        macd: 0.2916355941860976
        rsi: 0.149596951993178
        williams_r: 0.1369120907482146
