confluence:
  weights:
    components:
      orderbook: 0.05
      orderflow: 0.05
      price_structure: 0.35
      sentiment: 0.05
      technical: 0.4
      volume: 0.1
    sub_components:
      price_structure:
        market_structure: 0.08902063931216105
        order_blocks: 0.07606689075512
        range_analysis: 0.1853531835420899
        support_resistance: 0.14497010338992822
        trend_position: 0.38877779421384323
        volume_profile: 0.11581138878685777
      technical:
        ao: 0.2873779014358847
        atr: 0.0698112336458667
        cci: 0.10142838175990608
        macd: 0.3393493495771757
        rsi: 0.12698232844071314
        williams_r: 0.07505080514045366
