timestamp: '2025-11-17T14:51:58.598886'
optimization_info:
  version: V11-Ensemble-Diversity
  n_trials: 5
  best_trial: 2
  best_score: -3.4801362512123917
  combined_score: -3.4801362512123917
  penalty: 0.0
  total_trades: 228
  signal_rate: 0.0815450643776824
  parameter_count: 13
  methodology: Ensemble Diversity (8 generators) + Percentile Signals + MTF
  base_weights: V8.1 Constrained BHMS-RCP (fixed)
  ensemble_components: V10 base (3) + V11 new (5)
regime_performance:
  TRENDING:
    score: -3.3607885461972264
    trades: 128
    sharpe: -6.509826755957825
  RANGING:
    score: -2.8789617425385257
    trades: 49
    sharpe: -5.070779103688824
  VOLATILE:
    score: -4.4393538749317525
    trades: 51
    sharpe: -7.993752031948599
v11_parameters:
  ensemble_weights:
    v8_hierarchical: 0.06349373440978633
    momentum_breakout: 0.16352004005766008
    mean_reversion: 0.18838033160499126
    rsi_divergence: 0.014770643078866611
    volume_anomaly: 0.1931915700283031
    volatility_regime: 0.05422451211584434
    price_action: 0.020685582870690018
    mtf_momentum: 0.30173358583385823
  percentile_thresholds:
    trending: 0.9448448049611838
    ranging: 0.8020993370291153
    volatile: 0.6761534422933426
  mtf_confirmation:
    trend_weight: 0.3488360570031919
    structure_weight: 0.5421165132560783
v8_base_weights:
  TRENDING:
    rsi: 0.029058568036706478
    macd: 0.08096902544877634
    cci: 0.11705863883819732
    williams_r: 0.037243730929658006
    atr: 0.0341031567692341
    ao: 0.06072098297883438
    trend_position: 0.2354300469565013
    market_structure: 0.03596692372992443
    support_resistance: 0.027934326588475396
    range_analysis: 0.01787566716702412
    order_blocks: 0.038395463514283024
    adl: 0.028956913498621423
    cmf: 0.0486056484866811
    obv: 0.0896444224706691
    relative_volume: 0.033451291718229026
    volume_profile: 0.08458519286818439
  RANGING:
    rsi: 0.043634798057426816
    macd: 0.12158434888811707
    cci: 0.1757770740846501
    williams_r: 0.055925766058669175
    atr: 0.029984618343989845
    ao: 0.0533878875909452
    trend_position: 0.03301169258495444
    market_structure: 0.005043234900335989
    support_resistance: 0.06043239758377738
    range_analysis: 0.038671754691897736
    order_blocks: 0.08306374986916087
    adl: 0.027243540514860137
    cmf: 0.04572966500248685
    obv: 0.0843401854837596
    relative_volume: 0.03147198755293324
    volume_profile: 0.11069729879203553
  VOLATILE:
    rsi: 0.03881084868264039
    macd: 0.10814285792416799
    cci: 0.15634442527265194
    williams_r: 0.04974301567998945
    atr: 0.053282331548289846
    ao: 0.09486967933523001
    trend_position: 0.06062788857576373
    market_structure: 0.009262193473179504
    support_resistance: 0.03082989002597437
    range_analysis: 0.01972858916626394
    order_blocks: 0.042375387639737014
    adl: 0.03591194059807869
    cmf: 0.06028001434848661
    obv: 0.11117570161160317
    relative_volume: 0.0414858027314007
    volume_profile: 0.08712943338654258
