timestamp: '2025-11-17T16:33:02.061466'
optimization_info:
  version: V11-Ensemble-Diversity
  n_trials: 300
  best_trial: 164
  best_score: -0.3039956496225316
  combined_score: -0.3039956496225316
  penalty: 0.0
  total_trades: 229
  signal_rate: 0.08190271816881259
  parameter_count: 13
  methodology: Ensemble Diversity (8 generators) + Percentile Signals + MTF
  base_weights: V8.1 Constrained BHMS-RCP (fixed)
  ensemble_components: V10 base (3) + V11 new (5)
regime_performance:
  TRENDING:
    score: -0.4514574262273454
    trades: 123
    sharpe: -0.7440270306840017
  RANGING:
    score: 2.2013053946329353
    trades: 65
    sharpe: 2.530509463255555
  VOLATILE:
    score: -2.366911364063557
    trades: 41
    sharpe: -4.1715530262748315
v11_parameters:
  ensemble_weights:
    v8_hierarchical: 0.21412718473929457
    momentum_breakout: 0.016119165730821908
    mean_reversion: 0.014870485855047784
    rsi_divergence: 0.21589856145703512
    volume_anomaly: 0.09365141524944126
    volatility_regime: 0.18628564204575326
    price_action: 0.11001406254549367
    mtf_momentum: 0.14903348237711256
  percentile_thresholds:
    trending: 0.9455271370310603
    ranging: 0.7727175159681399
    volatile: 0.7185352659626835
  mtf_confirmation:
    trend_weight: 0.5516876673296421
    structure_weight: 0.32711763073725614
v8_base_weights:
  TRENDING:
    rsi: 0.029058568036706478
    macd: 0.08096902544877634
    cci: 0.11705863883819732
    williams_r: 0.037243730929658006
    atr: 0.0341031567692341
    ao: 0.06072098297883438
    trend_position: 0.2354300469565013
    market_structure: 0.03596692372992443
    support_resistance: 0.027934326588475396
    range_analysis: 0.01787566716702412
    order_blocks: 0.038395463514283024
    adl: 0.028956913498621423
    cmf: 0.0486056484866811
    obv: 0.0896444224706691
    relative_volume: 0.033451291718229026
    volume_profile: 0.08458519286818439
  RANGING:
    rsi: 0.043634798057426816
    macd: 0.12158434888811707
    cci: 0.1757770740846501
    williams_r: 0.055925766058669175
    atr: 0.029984618343989845
    ao: 0.0533878875909452
    trend_position: 0.03301169258495444
    market_structure: 0.005043234900335989
    support_resistance: 0.06043239758377738
    range_analysis: 0.038671754691897736
    order_blocks: 0.08306374986916087
    adl: 0.027243540514860137
    cmf: 0.04572966500248685
    obv: 0.0843401854837596
    relative_volume: 0.03147198755293324
    volume_profile: 0.11069729879203553
  VOLATILE:
    rsi: 0.03881084868264039
    macd: 0.10814285792416799
    cci: 0.15634442527265194
    williams_r: 0.04974301567998945
    atr: 0.053282331548289846
    ao: 0.09486967933523001
    trend_position: 0.06062788857576373
    market_structure: 0.009262193473179504
    support_resistance: 0.03082989002597437
    range_analysis: 0.01972858916626394
    order_blocks: 0.042375387639737014
    adl: 0.03591194059807869
    cmf: 0.06028001434848661
    obv: 0.11117570161160317
    relative_volume: 0.0414858027314007
    volume_profile: 0.08712943338654258
